image_00000 237 259 251 294
image_00001 237 259 250 300
image_00002 236 259 249 296
image_00003 236 256 251 300
image_00004 237 251 251 299
image_00005 236 254 251 298
image_00006 236 251 251 299
image_00007 236 252 252 298
image_00008 235 252 252 298
image_00009 236 249 252 301
image_00010 234 250 252 299
image_00011 234 248 252 299
image_00012 234 237 253 300
image_00013 234 240 253 300
image_00014 234 239 256 301
image_00015 234 234 255 299
image_00016 234 238 258 303
image_00017 234 239 259 303
image_00018 234 241 259 303
image_00019 235 243 259 304
image_00020 233 242 260 301
image_00021 234 243 260 302
image_00022 234 244 261 303
image_00023 233 241 261 301
image_00024 234 243 261 304
image_00025 234 243 262 303
image_00026 232 244 261 304
image_00027 233 238 263 305
image_00028 232 239 263 305
image_00029 232 242 262 304
image_00030 241 241 264 306
image_00031 240 241 262 307
image_00032 243 240 263 307
image_00033 243 235 263 311
image_00034 241 232 262 309
image_00035 243 235 263 308
image_00036 245 230 263 309
image_00037 244 230 265 309
image_00038 245 228 266 311
image_00039 244 226 264 310
image_00040 245 230 266 310
image_00041 245 230 266 307
image_00042 245 226 267 312
image_00043 243 232 267 311
image_00044 244 227 269 308
image_00045 243 228 267 309
image_00046 242 229 266 309
image_00047 244 231 267 309
image_00048 248 235 267 274
image_00049 246 231 268 277
image_00050 250 233 267 276
image_00051 251 227 268 272
image_00052 253 233 266 267
image_00053 251 233 268 269
image_00054 252 231 268 276
image_00055 254 233 268 270
image_00056 253 232 269 272
image_00057 254 237 268 268
image_00058 254 233 268 269
image_00059 253 234 268 271
image_00060 254 233 269 269
image_00061 254 235 267 266
image_00062 253 233 268 268
image_00063 253 238 267 266
